1.662890625
1.662890625
1.611328125
1.611328125
1.585546875
1.585546875
1.585546875
1.5597656249999998
1.533984375
1.533984375
1.5082031249999999
1.482421875
1.482421875
1.456640625
1.456640625
1.456640625
1.4308593749999998
1.4308593749999998
1.405078125
1.405078125
1.3792968749999999
1.3792968749999999
1.353515625
1.353515625
1.353515625
1.327734375
1.327734375
1.3019531249999998
1.3019531249999998
1.3019531249999998
1.276171875
1.2503906249999999
1.2503906249999999
1.2503906249999999
1.2503906249999999
1.224609375
1.224609375
1.198828125
1.198828125
1.198828125
1.198828125
1.173046875
1.173046875
1.147265625
1.173046875
1.147265625
1.147265625
1.147265625
1.147265625
1.1214843749999999
1.1214843749999999
1.095703125
1.095703125
1.095703125
1.095703125
1.095703125
1.069921875
1.069921875
1.069921875
1.044140625
1.069921875
1.069921875
1.044140625
1.044140625
1.018359375
1.018359375
1.018359375
1.018359375
1.018359375
1.018359375
0.992578125
0.992578125
0.992578125
0.992578125
0.992578125
0.966796875
0.966796875
0.966796875
0.966796875
0.966796875
0.966796875
0.9410156249999999
0.9410156249999999
0.9410156249999999
0.9410156249999999
0.9410156249999999
0.9152343749999999
0.9152343749999999
0.9152343749999999
0.9152343749999999
0.9152343749999999
0.9152343749999999
0.9152343749999999
0.9152343749999999
0.889453125
0.889453125
0.889453125
0.889453125
0.889453125
0.889453125
0.889453125
0.889453125
0.889453125
0.863671875
0.863671875
0.863671875
0.863671875
0.863671875
0.863671875
0.863671875
0.837890625
0.837890625
0.837890625
0.837890625
0.837890625
0.837890625
0.837890625
0.837890625
0.837890625
0.8121093749999999
0.8121093749999999
0.8121093749999999
0.8121093749999999
0.8121093749999999
0.8121093749999999
0.7863281249999999
0.8121093749999999
0.7863281249999999
0.8121093749999999
0.7863281249999999
0.7863281249999999
0.7863281249999999
0.7863281249999999
0.7863281249999999
0.7863281249999999
0.7863281249999999
0.7863281249999999
0.7863281249999999
0.7863281249999999
0.7863281249999999
0.7863281249999999
0.7863281249999999
0.760546875
0.760546875
0.760546875
0.760546875
0.734765625
0.760546875
0.760546875
0.760546875
0.760546875
0.012890625